76221
76232
76250
75371
75359
75360
75362
75364
75365
75366
76418
76419
76262
76267
76269
71422
71426
71427
5007866
5007874
5007875
5007876
5007877
5007915
5007919
5007923
5007927
5007931
5007932
5007933
6469488
5006238
5006261
5006864
5006924
5006973
5007576
5007934
6471930
5006234
IDEASPAB6
ISBN9780241542460
ISBN9780241608821
ISBN9780241610589
ISBN9780241621424
ISBN9780744081756
ISBN9780744084641
ISBN9781452182339
ISBN9781484287767
ISBN9781506725185
ISBN9781780559520
ISBN9781780559773
ISBN9781911668442
RABBIT
ROSE3
IDEASPAB7
IDEASPAB5
6476269
IDEASPAB4
BATTERSEA
BLOCKS099
BLOCKS100
BLOCKS101
BLOCKS102
BLOCKS103
BLOCKS104
BRICKJOURNAL078
BRICKJOURNAL079
BRICKTALES1
BRICKTALES2
BRICKTALES3
IDEASPAB1
IDEASPAB2
IDEASPAB3
5006235
5006155
112323
112324
122326
122327
122328
122329
212325
212326
212327
242316
242317
472302
562301
562302
662302
76993
77014
562303
662303
5006010
892304
892306
910002
910004
910008
910011
910027
912302
912303
912304
912305
912306
952302
952303
952304
952305
892305
892303
662309
892302
682303
682304
31209
31210
40504
30648
30650
30651
30652
30653
30656
30657
40594
40599
40607
30647
30646
10992
10315
010423
21341
21342
21343
30629
30630
30633
30634
30636
30637
30638
30639
30642
21250
21249
11974
11975
11976
11977
21060
21247
21248
60381
43230
43231
45495
60367
66734
66745
66747
66749
66751
66762
66780
41756
41758
41760
42160
43224
43222
42161
42159
42146
43223
912286
912287
912288
952206
912289
912290
912291
952201
952202
952203
952204
952205
952208
952207
5006128
952209
952210
952211
5006132
952301
2000727
4000037
4000038
4002022
912285
952212
892293
912284
912283
892285
892286
892287
892288
892289
892290
892291
892292
892294
892295
892296
892297
910003
910009
910013
910015
910023
912280
912281
912282
5006872
5006869
5006870
5006906
5006914
5006917
5006919
5006920
5006922
5006923
5006925
5006926
5006929
5006932
5006868
5006866
5006184
5006183
5006187
5006858
5006337
5006338
5006339
5006358
5006598
76978
76979
76980
76981
76982
76983
112215
112216
112217
5006935
112218
112219
112220
562205
562206
662102
662103
662203
662204
662205
662206
662207
562203
562204
562202
112221
212221
112322
122217
122218
122219
122220
122221
122222
122223
122224
122225
212219
212220
212222
562201
212223
212224
242210
242211
242212
242213
242214
242215
242216
242217
472201
472210
5006934
5006936
5007623
5007649
5007650
5007651
5007667
5007668
5007669
6280595
6385428
6385434
6385440
6385446
6411312
6415557
6424685
6424688
6424706
6424710
6424712
5007505
5007485
5007486
5007487
5007491
5007492
5007504
5007523
5007535
5007545
6426244
6427893
6427894
ISBN9781728257914
ISBN9780241538883
ISBN9780241542491
ISBN9780744054576
ISBN9780744054583
ISBN9780744056907
ISBN9780744060959
ISBN9781338802061
ISBN9781452182261
ISBN9781718502420
ISBN9781718502505
ISBN9781718503144
ISBN9781728257907
ISBN9781780558868
ISBN9780241469422
ISBN9781797214139
ISBN9781797214382
ISBN9781797217604
ISBN9781911668589
ISBN9783864909511
REDBRICK
SHUTTLE
SLSDUCK
SUMMERWAVE
TRUSPIDERMAN
YOTT
ISBN978-0241506271
FRIENDS10
6427895
BLOCKS092
6427896
6431476
6432430
6432431
6432433
6432434
6437453
90YOP
BLOCKS088
BLOCKS089
BLOCKS090
BLOCKS091
BLOCKS093
BRICKJOURNAL077
BLOCKS094
BLOCKS095
BLOCKS096
BLOCKS097
BLOCKS098
BLOCKSSPECIAL
BRICKJOURNAL071
BRICKJOURNAL072
BRICKJOURNAL073
BRICKJOURNAL074
BRICKJOURNAL075
BRICKJOURNAL076
5006937
5007138
5007181
5007182
5007183
5007184
5007185
5007065
5007032
5006972
5006947
5006948
5006949
5006950
5006951
5006957
5006958
5006961
5006962
5006963
5006974
5007031
5006997
5006998
5006999
5007000
5007001
5007002
5007004
5007005
5007006
5007007
5007008
5007009
5007226
5007405
5007406
5007407
5007408
5007409
5007418
5007429
5007433
5007451
5007456
5007457
5007227
5007228
5007229
40534
40556
40503
40520
40528
30625
11960
11961
10301
10310
11962
11963
11964
30432
30443
30455
30510
30559
30390
30585
30587
30590
30594
11965
11966
11967
11968
11969
21182
75303
45822
45821
45820
60344
66700
66706
66733
66707
66715
66711
66710
66708
66712
562105
662101
562106
562103
562104
562102
562101
302109
472102
854076
302108
212118
302107
212115
112110
112112
112113
112114
122112
122113
122114
122115
122116
212113
212114
212116
302106
212117
242104
242105
242106
242107
242108
242109
302101
302102
302103
302104
302105
112111
910016
952104
912171
912172
912173
912174
912175
912176
912177
912178
912179
952101
952102
952103
952105
912169
952106
952107
952108
952109
952110
952111
952112
2000458
2000470
2000471
2000556
912170
912168
892174
854126
892172
892173
892175
910028
892176
892177
892178
892179
892180
892181
892182
892183
892184
910001
910010
910017
112109
2000723
77944
77940
77941
77942
77943
2000722
4002021
6384212
5007253
5007483
6291437
6349570
6349571
6351965
6361096
6373603
6373604
6373618
6373620
6373621
6384214
6394851
6384339
6384342
6384344
6384346
6384705
6385891
6386182
6386184
6387807
6387808
6392262
6392343
5007249
5007235
5007224
5007180
5006975
5006976
5006978
5007024
5007029
5007060
5007062
5007107
5007108
5007109
5007110
5007111
5007112
5007114
5007115
5007116
5007178
6392344
6394853
5006871
ISBN9781452182315
ISBN9780241467770
ISBN9780593430248
ISBN9780744027242
ISBN9780744027266
ISBN9780744027273
ISBN9780744028577
ISBN9780744028638
ISBN9780744028652
ISBN9780744039672
ISBN9780744039689
ISBN9780744044614
ISBN9781452182292
ISBN9781593279622
6394854
ISBN9781718501164
ISBN9781718501201
ISBN9781718501706
ISBN9781728220598
ISBN9781780557892
ISBN9781780558080
ISBN9781780558141
ISBN9781797210728
ISBN9781797214207
ISBN9783966640039
MARIO
BT21
BT21
BT21
BT21
6399469
6399471
6410426
6412186
BLOCKS075
BLOCKS076
BLOCKS077
BLOCKS078
BLOCKS079
BLOCKS080
BLOCKS081
BLOCKS082
BLOCKS083
BLOCKS084
BLOCKS085
BLOCKS086
BLOCKS087
BRICKJOURNAL066
BRICKJOURNAL067
BRICKJOURNAL068
BRICKJOURNAL069
BRICKJOURNAL070
BRICKSWORLD1
BRICKSWORLD3
BRICKSWORLD4
5006530
5006492
5006493
5006494
5006495
5006496
5006497
5006498
5006526
5006527
5006528
5006529
5006531
5006546
5006532
5006533
5006534
5006535
5006536
5006537
5006538
5006539
5006540
5006541
5006543
5006544
5006489
5006260
5006272
5006278
5006279
5006287
5006288
5006355
5006393
5006396
5006545
5006553
5006775
5006622
5006628
5006631
5006636
5006638
5006639
5006640
5006641
5006642
5006655
5006741
5006554
5006814
5006815
5006816
5006817
5006818
5006855
5006621
5006620
5006619
5006618
5006556
5006558
5006559
5006560
5006565
5006567
5006568
5006569
5006587
5006588
5006589
5006606
5006607
5006609
5006610
5006611
5006612
5006613
5006615
5006617
5006490
40473
40489
40458
40502
40513
11955
11944
11945
11946
11947
11948
11949
11950
11951
11952
11953
11954
11956
30413
30539
30558
30564
30565
30566
30569
11957
30570
30577
30578
30579
30580
30591
30392
30391
30388
30331
30332
30344
66673
66662
66664
66665
66666
66671
66674
66677
66678
66682
66683
66684
43104
43107
43111
60278
45817
43112
45818
45816
43114
43115
43113
45608
45401
45607
242002
302002
302001
242003
562007
242001
212012
212011
302003
212010
562008
302008
302004
302005
302006
302007
562001
562002
562003
562004
562005
562006
212009
112007
212008
562010
81007
112005
212007
112005
112006
112007
112008
122005
122006
122007
122008
122009
122010
122111
562009
562011
854014
854018
854030
854032
854034
854048
854049
854050
854068
854088
862011
854015
854013
562012
792004
792005
792006
792007
792008
792009
853984
853985
853986
853989
853990
853992
853993
853997
854003
854005
892060
75294
77904
77905
77906
77907
892059
5006309
892061
5006627
5007484
6317941
6317942
6322501
6322642
6322719
6324146
6336798
6336801
6337009
6346097
6346098
6346101
6346102
6346105
6346106
6346109
6349153
6349566
5006632
5006626
892062
5006625
5006289
5006303
5006304
5006305
5006306
5006307
5006310
5006360
5006363
5006365
5006376
BLOCKS064
BLOCKS065
BLOCKS066
BLOCKS067
ISBN9781452179704
ISBN9781452182254
ISBN9781452182278
ISBN9781465489562
ISBN9781465493262
ISBN9781465493279
ISBN9781465493286
ISBN9781465497864
ISBN9781718500259
ISBN9781718500488
ISBN9781797210186
ISBN9781797210193
ISBN9783966640022
MMOUTON
NEWSSTAND
PE770439
PE770439_1
PE770441
PINBALL
ROSE2
SMMM
TEDDY
71699
ISBN9781452179643
ISBN9781452179629
ISBN9781338603453
BRICKJOURNAL064
BLOCKS068
BLOCKS069
BLOCKS070
BLOCKS071
BLOCKS072
BLOCKS073
BLOCKS074
BRICKJOURNAL061
BRICKJOURNAL062
BRICKJOURNAL063
BRICKJOURNAL065
ISBN9780760365885
FANDOME2020
FASTBRICKS
GLADIATOR
ISBN9780241401200
ISBN9780241401279
ISBN9780241409190
ISBN9780241409459
ISBN9780241409695
ISBN9780241458235
ISBN9780744024470
5006230
5006215
952008
952009
952010
952011
952012
952016
952018
952019
2000461
2000719
2000720
4000503
4002020
5001286
5005401
5005522
5005527
5005529
5005538
5005617
5005620
952005
952003
952002
912056
892063
892064
892065
892066
892067
892068
892069
892070
892071
912055
912057
952001
912058
912059
912060
912061
912062
912063
912064
912065
912066
912067
5005712
5005718
5006035
5006057
5006074
5006148
5006156
5006205
5006207
5005894
5005839
5005719
5005721
5005772
5005810
5005811
5005812
5005814
5005816
5005870
5005893
5005871
5005872
5005873
5005875
5005878
5005889
5005891
5005892
71700
ISBN9780241409640
40397
40399
40400
40401
40402
40403
40404
40405
40406
40407
40408
40409
40412
40414
40419
40423
40398
40396
40395
40355
40357
40370
40371
40372
40374
40382
40393
40394
40429
41404
41405
41406
41407
41408
41409
41410
41411
41412
41413
41414
41403
41402
41401
40438
40474
40501
41400
11010
11929
11930
11931
11933
11934
11936
11938
11939
11940
11941
11942
11943
30453
30463
30464
30536
30537
30548
30549
30550
30554
30555
30574
30575
30576
30420
30412
30329
30394
30330
30341
30342
30366
30367
30368
30369
30370
30386
41434
71026
71026
71026
71026
71026
71026
71026
71026
71026
71026
71026
71026
71027
71027
71027
71027
71027
71027
71027
71027
71027
71027
71027
71027
71026
71026
66645
71026
66647
66648
66649
66650
66651
71026
71026
71026
71026
71027
71027
71027
71027
41435
71027
71027
66646
71027
66643
42113
43182
45027
45030
41436
66642
41438
45029
41437
45601
66635
66636
66637
66640
45602
45815
45603
45604
45605
45606
45610
45611
45813
45814
60248
853915
853905
853906
853907
853908
853911
853912
853913
853917
853918
853919
853920
853921
853922
853947
853948
853949
853902
853903
853870
853901
853900
853869
853871
853872
853873
853874
853875
853876
853877
853878
853879
853880
853881
853882
853883
853886
853889
853890
853891
853892
853893
853894
853899
891957
853954
853955
911946
911947
911948
911949
911950
911951
911952
911953
911954
951901
951902
951903
951904
951905
951906
951907
951908
951909
951910
2000455
951911
951912
853867
911945
911944
911943
891945
853956
853958
853960
853963
853967
853967
853968
853969
853970
854067
891946
891958
891947
891948
891949
891950
891951
891952
891953
891954
891955
891956
853868
75261
853866
76134
75973
75974
75975
76116
76117
76120
76127
76129
75972
75971
75970
2000460
75262
75522
75947
75964
76133
853865
76138
211901
211902
211903
211904
211905
211906
471904
471905
471906
561901
561902
561903
561904
561905
561906
561907
561908
561909
561910
561911
791901
791902
791903
121904
121903
111904
81002
77901
77902
77903
80101
80102
80103
81000
81001
81003
111904
111901
111901
111902
111902
111903
111903
2000456
XWING
3850072
BL19013
BLOCKS053
BLOCKS054
BLOCKS055
BLOCKS056
BLOCKS057
BLOCKS058
BLOCKS059
BLOCKS060
BLOCKS061
BLOCKS062
BLOCKS063
BRICKFANATICS003
BRICKFANATICS004
BRICKFANATICS005
BRICKFANATICS006
BRICKFANATICS007
BRICKFANATICS008
BRICKFANATICS009
BRICKFANATICS010
BRICKFANATICS011
BRICKFANATICS012
BRICKJOURNAL055
BRICKJOURNAL056
BLOCKS052
BL19012
4000034
BL19011
6311314
6311315
6313092
6313287
6313291
6315023
6315025
6382975
6385416
100STORESNA
ARENDELLE
BEIJING
BEIJING
BL19001
BL19002
BL19003
BL19004
BL19005
BL19006
BL19007
BL19008
BL19009
BL19010
BRICKJOURNAL057
BRICKJOURNAL058
BRICKJOURNAL059
BRICKJOURNAL060
ISBN9781465485762
ISBN9781513262116
ISBN9781513262123
ISBN9781593279608
ISBN9781624149108
ISBN9781718500167
KNIGHTBUS
LUKE
OLAF
PANDA
PIG
RAT
REDSOX2019
SDCC2019
SDCC2019
SDCC2019
SNITCH
ST
STORMBREAKER
TANTIVEIV
TITW
XWING
ISBN9781419734687
ISBN9781092282291
ISBN9781091708532
ISBN9780241357521
CAPTAINMARVEL
COLOGNE
COOLCAR
DRAGON
EASTERCHICK
ELEPHANT
EMMETHOUSE
FLOWER
GANYMEDE
HARLEY
ISBN9780241357590
ISBN9781081986612
ISBN9780241363508
ISBN9780241363737
ISBN9780241363768
ISBN9780241381717
ISBN9780241395431
ISBN9780241397350
ISBN9780241412091
ISBN9780486832357
ISBN9781070422121
ISBN9781080207961
6311310
6311307
6307988
5005877
5005761
5005762
5005763
5005765
5005770
5005775
5005777
5005813
5005819
5005820
5005821
5005823
5005824
5005834
5005836
5005842
5005843
5005844
5005846
5005741
5005740
5005739
5005698
4000036
4002019
5005471
5005578
5005584
5005614
5005618
5005630
5005699
5005738
5005700
5005701
5005703
5005733
5005734
5005735
5005736
5005737
5005876
5005881
6307987
5005882
5006003
5006007
5006008
5006016
5006017
5006027
5006031
5006033
5006065
5006066
5006086
6244853
6273754
6307985
6307986
5005969
5005956
5005933
5005907
5005883
5005884
5005885
5005887
5005888
5005900
5005901
5005902
5005903
5005929
5005920
5005921
5005922
5005923
5005924
5005926
75259
75253
40342
40345
40346
40347
40349
40350
40351
40352
40353
40356
40359
40360
40361
40362
40366
40368
40432
40433
40434
40435
40343
40338
40186
40318
40321
40322
40323
40324
40325
40326
40327
40328
40329
40330
40331
40332
40333
40334
40335
40336
40337
41158
41159
41160
41161
41382
41383
41384
41385
41386
41387
41388
41634
41635
41636
41637
42089
41368
41355
41162
41163
41354
41356
41357
41358
41359
41362
41363
41364
41365
11920
11922
11923
11924
11926
21055
21148
21149
10767
10893
10895
10898
21150
30451
30452
30461
30527
30528
30529
30533
30534
30535
30545
30553
30571
30572
30573
30620
30623
30624
30410
30409
30408
30328
30328
30328
30328
30393
30328
30328
30361
30362
30363
30364
30365
30383
30384
71024
71023
71023
71023
71023
71023
71024
71024
71024
71024
71024
71024
71024
71024
71024
71024
71024
71024
71024
71024
71024
71024
71024
71024
71023
71023
71023
71023
70838
70839
70840
70841
70842
70847
70848
70849
71023
71023
71023
71023
71023
71023
71023
71023
71023
71023
71023
71023
71023
71023
71024
71024
70836
71025
75232
75233
75235
75236
75237
75238
75239
75243
75245
75247
42094
75229
75228
75227
71025
71025
71025
71025
71025
71025
71025
71025
71025
71025
71025
71025
75226
71025
71025
71025
71025
71025
71025
75223
75224
75225
70837
70835
66593
60223
60235
60240
66073
66106
66130
66584
60218
45812
70834
42097
45809
45810
60209
66587
66615
70821
70679
70680
70681
70682
70683
70684
70820
70822
70823
70824
70825
70826
70827
70828
70829
70830
70831
66619
70832
70660
66620
70420
70659
70833
70661
70667
70662
70669
70663
70664
561803
561804
561805
561806
561807
561808
561809
561810
561811
853606
853709
853744
853747
853748
561802
853751
853753
853756
853757
853758
853759
853760
853762
853749
271830
561801
76105
853763
76107
76108
76109
76110
76111
76112
121801
471801
121802
211803
271824
271825
271826
271827
271828
271829
271831
271832
211804
853797
853764
853843
853815
853816
853818
853819
853831
853834
853835
853840
853841
853842
853844
853810
891833
891834
891835
891836
891837
891838
891839
891840
891841
891842
853813
853802
853765
853778
853767
853768
853769
853770
853771
853772
853774
853775
853776
853777
853780
853798
853781
853782
853788
853790
853791
853792
853793
853794
853795
853796
76104
75218
76103
75202
75188
75193
75194
75195
75196
75197
75198
75199
75200
75201
75203
72006
75204
75205
75206
75207
75208
75209
75210
75211
75212
75213
75181
72005
75215
71022
891844
71022
71022
71022
71022
71022
71022
71022
71022
71022
71022
72004
71022
71022
71022
71022
71022
71022
72001
72002
72003
75214
75216
76102
76090
75951
75952
75987
75996
75997
76089
76091
75933
76092
76093
76094
76095
76096
76097
76098
76099
76100
76101
75950
75932
75217
75537
75219
75220
75221
75222
75230
75512
75533
75534
75535
75536
75884
75931
75885
75886
75887
75888
75889
75926
75927
75928
75929
75930
891843
5005690
911831
BLUE
BLOCKS042
BLOCKS043
BLOCKS044
BLOCKS045
BLOCKS046
BLOCKS047
BLOCKS048
BLOCKS049
BLOCKS050
BLOCKS051
BRICKFANATICS001
BLOCKS040
BRICKFANATICS002
BRICKJOURNAL049
BRICKJOURNAL050
BRICKJOURNAL051
BRICKJOURNAL052
BRICKJOURNAL053
BRICKJOURNAL054
CANDYBOX
CBOX
DACHSHUND
BLOCKS041
AQUAMAN
HOGEXP
6252811
5005693
5005704
5005747
5006959
6238718
6238721
6250093
6252770
6252808
6252810
6252812
6385444
6258618
6258619
6258620
6258622
6258623
6258624
6268521
6268522
6278335
6299401
FBULLDOG
ISBN9780241318638
5005691
OWIK
ISBN9781787018013
ISBN9781787018037
ISBN9781787018051
ISBN9781912694136
ISBN9783958437623
JELLYFISH
KIDSFEST
MCALLEN
NEWORLEANS
OWIK
PORG
ISBN9781684125401
ROSEVILLE
SDCC2018
SDCC2018
SDCC2018
SHIMAO
TRUSWMF
TRUWEASLEYCAR
WCORGI
YTERRIER
71022
ISBN9781684125418
ISBN9781684125395
ISBN9780241320037
ISBN9781465473356
ISBN9780760361641
ISBN9780762491476
ISBN9781338137200
ISBN9781338219630
ISBN9781438011967
ISBN9781438011974
ISBN9781465467058
ISBN9781465467140
ISBN9781465467560
ISBN9781465470133
ISBN9781513261102
ISBN9781624146787
ISBN9781513261133
ISBN9781513261164
ISBN9781513261713
ISBN9781513261737
ISBN9781593279226
ISBN9781593279301
ISBN9781593279325
ISBN9781593279400
ISBN9781593279424
ISBN9781593279844
5005692
5005668
911832
5005250
5005173
5005230
5005231
5005233
5005236
5005237
5005238
5005239
5005244
5005249
5005251
5005168
5005253
5005254
5005255
5005256
5005257
5005358
5005359
5005376
5005404
5005405
5005171
4002018
5005470
951805
911833
911834
911835
911836
911837
911838
911839
911840
911841
911842
951806
4000031
951807
951808
951809
951810
3850065
4000025
4000026
4000028
4000029
4000030
5005406
5005472
5005667
5005581
5005552
5005553
5005554
5005570
5005571
5005573
5005574
5005577
5005579
5005580
5005582
5005587
5005609
5005611
5005613
5005616
5005624
5005625
5005626
5005665
5005539
5005473
5005518
5005474
5005509
5005510
5005511
5005512
5005513
5005514
5005517
5005524
5005533
71022
ISBN9781593278212
71022
40273
31085
40187
40188
40197
40198
40199
40235
40270
40271
40272
40274
31083
40276
40277
40278
40279
40280
40281
40282
40283
40284
40285
31084
31081
40287
30614
30526
30530
30531
30532
30540
30541
30542
30543
30547
30552
30615
31080
30617
31071
31072
31073
31074
31075
31076
31077
31078
31079
40286
40288
30499
41193
41151
41152
41153
41154
41155
41156
41157
41190
41191
41192
41194
40388
41195
41196
41287
41288
41327
41328
41329
41330
41332
41333
40389
40358
40289
40304
40290
40291
40292
40293
40298
40299
40300
40301
40302
40303
40320
40306
40307
40310
40311
40313
40314
40315
40316
30525
30498
10861
10760
10761
10762
10763
10764
10765
10858
10859
10860
10862
10758
10864
10865
10867
10868
10869
10759
10757
10712
71022
10401
10402
10403
10404
10405
10756
10748
10749
10750
10751
10753
10754
10755
10876
30450
30356
21314
21315
30325
30326
30326
30326
30326
30326
30326
30339
30357
21311
30358
30359
30360
30380
30381
30382
30403
30404
30405
30406
21313
21147
10877
21039
10878
10879
10880
10881
11915
11916
11917
11921
21038
21041
21146
21047
21138
21139
21142
21144
41334
30407
41336
70645
70635
70636
70637
70638
70639
70640
70641
70642
70643
70644
70646
70633
70647
70648
70650
70651
70652
70653
70654
70655
70657
70658
70634
70630
70920
60196
60184
60185
60186
60188
60190
60191
60192
60193
60194
60195
66597
60200
60201
60202
60204
66586
66591
66596
70918
70921
60182
71021
71021
71021
71021
71021
71021
71021
71021
71021
71021
71021
71021
71021
71021
71021
71021
71021
71021
71022
71022
71022
71022
41338
71021
71021
70923
71020
71020
71020
71020
71020
71020
71020
71020
71020
71020
71020
71020
71020
71020
71020
71020
71020
71020
71020
71020
71020
71020
71020
60183
70919
60181
41626
41601
41603
41604
41605
41606
41607
41608
41609
41610
41611
41612
41613
41614
41615
41616
41617
41618
41619
41620
41621
41622
41623
41624
41600
41599
41598
41348
41339
60180
41340
41341
41342
41343
41344
41345
41346
41347
41349
41597
41350
41351
41352
41353
41451
41452
41453
41454
41455
41456
41625
41602
45808
42076
42077
42079
42080
42081
42084
45806
45807
60170
42074
60171
60172
60173
60174
60175
60176
60177
60178
41627
60179
42075
42078
42073
41775
41628
41629
41630
41631
41632
41775
41775
41775
41775
41775
41775
41775
41775
41775
42072
41775
41775
42071
41775
41775
41775
853646
853660
853647
853648
853649
853650
853651
853652
853653
853654
853656
853659
271719
853663
853664
853665
853667
853668
853669
853670
853671
853676
853644
853677
853645
271720
853642
561704
853679
271721
271718
271722
271723
471701
471702
561701
561702
561703
561705
853640
561706
624210
853632
853633
853634
853635
853636
853637
853638
853639
853678
911724
853680
853708
853712
853713
891721
891722
891723
891724
891725
891726
891727
891728
891729
891730
891731
891732
911618
911719
911720
911721
911722
911723
911725
271716
911726
853711
853707
853681
853682
853683
853684
853685
853686
853687
853688
853689
853690
853691
853692
853694
853695
853696
853697
853698
853699
853700
853701
853702
853703
853704
853705
271717
71019
271715
71346
71349
75144
75160
75161
75162
75163
75164
75165
75166
75167
75168
75169
75170
75171
75172
75173
75174
75175
75176
75177
75178
75179
75180
71348
71344
75183
71343
911728
71019
71019
71019
71019
71019
71019
71019
71019
71019
71019
71019
71019
71019
71019
71019
71042
71255
71264
71266
71267
71286
71287
75182
75184
271714
76069
76071
76072
76073
76075
76076
76077
76078
76079
76080
76081
76082
76083
76084
76085
76086
76087
76088
211701
211702
241701
241702
271712
271713
76070
76068
75185
75995
75186
75187
75188
75189
75190
75191
75523
75524
75525
75526
75528
75529
75530
75531
75532
75877
75878
75879
75880
75881
75882
75883
911727
SDCC2017
911729
BLOCKS031
BLOCKS033
BLOCKS034
BLOCKS035
BLOCKS036
BLOCKS037
BLOCKS038
BLOCKS039
BRICKJOURNAL043
BRICKJOURNAL044
BRICKJOURNAL045
BRICKJOURNAL046
BRICKJOURNAL047
BRICKJOURNAL048
CELEB2017
COWHK
COWHK
COWHK
COWHK
COWS
COWS
COWS
COWS
COWS
BLOCKS032
BLOCKS030
COWT
BLOCKS029
5005414
5005415
5005416
5005417
5005424
5005425
5005426
5005427
5005428
5005431
5005433
5005434
5005435
5005443
5005444
5005445
6182882
6218706
6218707
6218709
6218710
BERLIN
BLOCKS028
COWS
COWT
5005403
ISBN9781684121663
ISBN9781974225163
ISBN9781979247207
ISBN9781979421881
ISBN9782344024294
ISBN9783958434790
ISBN9783958434943
ISBN9783958434950
ISBN9783958435513
ITBH
LHFPO
LHGO
REDTEMPLE
ROOSTER
ROSE
SDCC2017
71019
SWMF
TLBM
TLNM
TRUBATMOBILE
TRUBB8
TRULEIA
TRUNEXOMONSTER
ISBN9781911113874
ISBN9781631592997
COWT
ISBN9781627790185
COWT
DCBHZ
GREENDRAGON
ISBN9780241232408
ISBN9780241279588
ISBN9780241285404
ISBN9780473422523
ISBN9780760352656
ISBN9781338112122
ISBN9781438010915
ISBN9781438010922
ISBN9781465455581
ISBN9781465460783
ISBN9781465460875
ISBN9781465461186
ISBN9781465463258
ISBN9781513260525
ISBN9781513260556
ISBN9781513260587
ISBN9781513260822
ISBN9781513260839
ISBN9781593278199
ISBN9781624143861
5005413
5005402
911730
5004931
5004933
5004934
5004936
5004938
5004939
5004940
5004941
5005114
5005116
5005119
5005120
5005122
5005167
5005175
5005205
5005207
5005208
5005209
5005212
5005219
5005220
5005222
5005223
5004932
5004930
5005226
951701
951702
951703
951704
2000453
3850016
3850017
3850031
3850033
3850058
3850060
3850061
3850070
4000024
4002017
5004394
5004911
5004913
5004914
5004915
5004916
5004920
5004928
5005224
5005227
5005400
5005351
5005354
5005355
5005356
5005364
5005365
5005366
5005367
5005368
5005369
5005370
5005372
5005373
5005380
5005381
5005382
5005388
5005392
5005394
5005396
5005398
5005399
5005342
5005228
5005341
5005229
5005273
5005295
5005296
5005297
5005298
5005299
5005300
5005301
5005317
5005320
5005321
5005322
5005326
5005331
5005332
5005333
5005334
5005335
5005336
5005337
5005338
5005340
71019
MINIBATMOBILE
71019
31068
31070
40170
40171
40172
40173
40175
40176
40177
40178
40234
40236
40237
40239
40240
40241
40242
40243
40244
40245
40246
40247
40248
31069
31067
40250
31066
30521
30522
30523
30524
30546
30551
30607
30608
30609
30610
30611
30612
31054
31055
31056
31057
31059
31060
31062
31063
31064
31065
40249
40251
30496
41181
41183
41184
41185
41186
41187
41188
41230
41231
41232
41233
41234
41235
41236
41237
41238
41239
41300
41301
41302
41303
41304
41305
41306
41182
41150
40252
41149
40253
40254
40256
40260
40261
40262
40263
40264
40265
40266
40267
40268
40269
40295
40296
40297
40308
41143
41144
41145
41146
41147
41148
30497
30478
41308
10745
10747
10823
10832
10833
10834
10835
10836
10837
10838
10839
10841
10842
10843
10844
10845
10846
10848
10849
10850
10851
10852
10746
10744
10854
10743
71019
10257
10703
10704
10706
10707
10708
10709
10730
10731
10732
10733
10734
10735
10736
10737
10738
10739
10740
10742
10853
10855
30477
30324
30324
30324
30324
30338
30351
30352
30353
30354
30355
30376
30377
30378
30379
30400
30401
30402
30425
30426
30427
30428
30449
30475
30476
30324
30324
10856
30323
10857
11913
11914
21032
21033
21035
21036
21037
21129
21130
21131
21132
21133
21134
21135
21136
21137
21308
21309
21310
21312
41307
10259
41309
70617
70620
70621
70622
70623
70624
70625
70626
70627
70628
70629
70631
70632
70656
70900
70901
70902
70903
70904
70905
70906
70907
70908
70909
70618
70616
70911
70615
70354
70355
70356
70357
70358
70359
70361
70362
70363
70364
70365
70366
70372
70373
70606
70607
70608
70609
70610
70611
70612
70613
70614
70910
70912
70352
71017
71017
71018
71018
71018
71018
71018
71018
71018
71018
71018
71018
71018
71018
71018
71018
71018
71018
71018
71018
71018
71019
71019
41310
71017
71017
70913
71017
70914
70915
70916
70917
70922
71017
71017
71017
71017
71017
71017
71017
71017
71017
71017
71017
71017
71017
71017
71017
71017
71017
71017
70353
71019
70351
41586
41588
41589
41590
41591
41592
41593
41594
41595
41596
42057
42058
42059
42060
42061
42062
42063
42064
42065
42066
42068
42069
42070
45021
41587
41585
45023
41498
70350
41312
41311
41314
41315
41316
41317
41318
41319
41320
41321
41322
41323
41324
41325
41326
41485
41486
41487
41488
41489
41496
41497
45022
41313
60155
60157
60158
60159
60160
60161
60162
60163
60164
60165
60166
60167
60168
60169
66546
66550
66555
66556
66557
66558
66559
66580
70348
45497
60156
70347
60154
60141
45498
60153
45499
45804
45805
60135
60136
60137
60138
60140
70349
60142
60148
60143
60151
60150
60149
60152
60146
60147
60144
60145
271606
271607
271608
271609
271610
271611
471602
561601
561602
561603
850806
561604
561605
561606
271605
561608
561609
561610
561611
561612
601601
601602
850805
561607
241602
271604
271603
76048
76049
850817
76050
76051
76052
76053
76054
76055
76056
76057
76058
76059
76060
76061
76063
76064
76065
76066
76067
241601
271601
271602
76062
853533
851332
851354
853547
853548
853549
853550
853551
853552
853555
853556
853559
853560
853561
853562
853563
853564
853565
853568
853569
853570
853572
853573
853574
853575
853544
853543
853538
853517
853503
853504
853505
853506
853507
853508
853510
853511
853515
853516
853518
853534
853519
853520
853521
853522
853524
853525
853528
853529
853530
853532
76047
75121
76046
75118
71301
71302
71303
71304
71305
71306
71307
71308
71309
71310
71311
71312
71313
71314
71315
71316
71340
71342
75098
75113
75114
75115
75116
71300
71285
71258
71239
71228
853590
71229
71230
71233
71234
71235
71236
71237
71238
71240
71257
71241
71242
71244
71245
71246
71247
71248
71251
71253
71256
75117
75119
76045
75120
75153
75154
75155
75156
75157
75158
75821
75822
75823
75824
75825
75826
75827
75828
75870
75871
75872
75873
75874
75875
75876
76044
75152
75151
75150
75135
75125
75126
75127
75128
75129
75130
75131
75132
75133
75134
75136
75149
75137
75138
75139
75140
75141
75142
75145
75146
75147
75148
853580
5005100
853591
ISBN9780241199312
ARTBIO
B0189OU0JY
BELLE
BLOCKS016
BLOCKS017
BLOCKS018
BLOCKS019
BLOCKS020
BLOCKS021
BLOCKS022
BLOCKS023
BLOCKS024
BLOCKS025
BLOCKS026
BLOCKS027
BORDEAUX
BRICKJOURNAL038
BRICKJOURNAL039
BRICKJOURNAL040
BRICKJOURNAL041
BRICKJOURNAL042
DCSHDVD3
DCSHDVD4
6176782
6139030
6139025
5005137
5005110
5005111
5005112
5005113
5005115
5005117
5005118
5005121
5005134
5005136
5005138
5005182
5005139
5005140
5005141
5005144
5005145
5005146
5005147
5005148
5005156
5005160
GIANTS2016
ISBN9780241232347
ISBN9780241232484
ISBN9781943328826
ISBN9781943328833
ISBN9783864903557
ISBN9783958433908
LESTER
MIXELBOX
NYCC2016
PARIS
REDSOX
SANFRANCISCO
SDCC2016
SDCC2016
STOCKHOLM
SWDVD
TRUCAPAM
TRUCOGSWORTH
TRUFALCON
TRUFRANK
TRULUMIERE
TRUNEXO
TRUPODIUM
VALENTINE
71014
ISBN9781943328819
ISBN9781943328802
ISBN9781784722395
ISBN9781465453020
ISBN9780241232576
ISBN9780241237052
ISBN9780473372965
ISBN9780750967570
ISBN9781259861833
ISBN9781438007540
ISBN9781438008806
ISBN9781438008813
ISBN9781440246999
ISBN9781465449672
ISBN9781530840083
ISBN9781783422814
ISBN9781530886845
ISBN9781530919222
ISBN9781535193429
ISBN9781593277352
ISBN9781593277413
ISBN9781593277604
ISBN9781593277666
ISBN9781593277673
ISBN9781624142819
ISBN9781631590795
5005109
5005107
853592
3850014
911610
911611
911612
911613
911614
911615
911616
911617
2000445
2000447
2000448
2000451
2000711
2000715
2000716
2005544
2045300
3850007
3850008
3850009
3850010
3850011
3850012
911609
911608
911607
853611
853593
853599
853600
853601
853602
853603
853604
853605
853609
853610
891609
891620
891610
891611
891612
891613
891614
891615
891616
891617
891618
891619
3850013
3850015
5005099
4000022
5004720
5004721
5004797
5004833
5004837
5004838
5005011
5005015
5005017
5005018
5005020
5005027
5005031
5005032
5005041
5005042
5005043
5005051
5005057
5005058
5005059
5005060
5005098
5004612
5004574
5004573
5004398
4000023
4002016
5002946
5004277
5004388
5004389
5004390
5004391
5004393
5004395
5004401
5004538
5004403
5004404
5004406
5004408
5004409
5004419
5004420
5004421
5004422
5004468
71014
71014
41067
40206
40207
40208
40209
40210
40211
40212
40213
40214
40215
40216
40217
40218
40219
40220
40221
40222
40223
40225
40226
40227
40228
41065
40205
40204
40203
31052
31042
31043
31044
31045
31046
31047
31048
31049
31050
31051
31053
40202
40127
40128
40130
40131
40161
40165
40166
40167
40201
41066
41068
31040
41069
41140
41141
41142
41171
41172
41173
41174
41175
41176
41177
41178
41179
41180
41490
41491
41492
41493
41554
41555
41556
41557
41558
41559
41135
41134
41133
41120
41110
41111
41112
41113
41114
41115
41116
41117
41118
41119
41121
41132
41122
41123
41124
41125
41126
41127
41128
41129
41130
41131
31041
30606
41561
10810
10811
10813
10814
10815
10816
10817
10818
10819
10820
10822
10824
10825
10826
10827
10828
10829
10830
10831
11911
11912
21026
10809
10808
10807
10723
10251
10253
10254
10654
10702
10705
10720
71014
10722
10724
10806
10725
10726
10727
10728
10729
10801
10802
10803
10804
10805
21027
21029
30605
21030
30372
30373
30374
30375
30396
30397
30398
30399
30421
30422
30423
30424
30446
30447
30448
30471
30472
30473
30474
30601
30602
30603
30604
30371
30350
30349
30277
21031
21123
21124
21125
21126
21127
21128
21305
21306
21307
30278
30348
30279
30321
30322
30322
30322
30322
30322
30322
30346
30347
41560
10721
41562
71012
70604
70605
71011
71011
71011
71011
71011
71011
71011
71011
71011
71011
71011
71011
71011
71011
71011
71011
71011
71011
71011
71012
71012
70603
70602
70601
70338
70326
70327
70330
70331
70332
70333
70334
70335
70336
70337
70339
70600
70588
70589
70590
70591
70592
70593
70594
70595
70596
70599
71012
71012
70324
71012
71013
71013
71013
71013
71013
71013
71013
71013
71014
71014
71014
71014
71014
71014
71014
71014
71014
71014
71014
71014
71014
71014
41563
71013
71013
71013
71012
71012
71012
71012
71012
71012
71012
71012
71012
71012
71012
71012
71013
71012
71012
71012
71013
71013
71013
71013
71013
71013
71013
70325
71014
70323
60106
42054
42055
42056
45014
45016
45017
45019
45020
45301
45302
45304
45305
45802
45803
45811
60100
60101
60102
60103
60104
42053
42052
42050
41574
41564
70322
41565
41567
41568
41569
41570
41571
41572
41573
41575
42049
41576
41577
41578
41579
41580
42044
42045
42046
42047
42048
60105
41566
60107
66549
66537
66538
66539
66540
66541
66542
66543
66545
66547
66548
70310
60133
70311
70312
70313
70314
70315
70316
70317
70318
70321
60108
60134
70319
60132
60119
60109
60131
60110
60111
60112
60113
60114
60115
60116
60117
60118
70320
60120
60122
60123
60124
60125
60129
60126
60127
60128
60121
60130
850951
851002
850978
561510
850921
561512
561511
851331
561509
851330
851339
851335
851336
851338
851341
851342
851343
851344
851345
851348
851351
851352
561508
561503
561507
391501
76036
851353
76037
76038
76039
76040
76041
76042
241501
241502
391502
561506
391503
391504
391506
391507
391508
471518
561501
561502
561504
561505
391505
853440
851355
853463
853448
853450
853451
853452
853454
853455
853456
853457
853461
853464
851356
853469
853471
853472
853474
853475
853476
76034
891501
853447
853444
853443
853441
851358
851362
851367
851368
851369
851393
851394
851395
851399
851400
851402
851406
851407
851417
851576
851578
852768
853234
853235
71010
853439
76035
75087
76032
75073
71219
71220
71221
71222
71223
71227
71231
71232
75060
75072
75074
76031
75075
75076
75077
75078
75079
75080
75081
75082
75083
75084
71218
71217
71216
71215
891503
71016
71170
71171
71172
71173
71174
71200
71201
71202
71203
71204
71205
71206
71207
71209
71210
71211
71212
71213
71214
75085
75086
75088
75900
75902
75903
75904
75908
75909
75910
75911
75912
75913
75915
75916
75917
75918
75919
75920
76025
76026
76027
76028
76029
76030
75901
75899
75089
75112
75090
75091
75092
75093
75094
75095
75096
75097
75099
75100
75101
75102
75103
75104
75105
75106
75107
75108
75109
75110
75111
891502
5004892
891504
BRICKJOURNAL036
BLOCKS010
BLOCKS011
BLOCKS012
BLOCKS013
BLOCKS014
BLOCKS015
BRICKJOURNAL032
BRICKJOURNAL033
BRICKJOURNAL034
BRICKJOURNAL035
BRICKJOURNAL037
ISBN9780241182987
CELEB2015
CHARLOTTE
CHERRYHILL
CLERMONTFERRAND
DCSHDVD1
DCSHDVD2
DRWU
FANEXPO2015
GALIMASK
GIANTS
BLOCKS009
BLOCKS008
BLOCKS007
BLOCKS006
5004891
5004893
5004894
5004895
5004896
5004897
5004898
5004899
5004900
5004901
5004942
5005012
5005013
5005014
6102131
6102139
6102148
BIGBOX
BLOCKS004
BLOCKS004
BLOCKS005
ISBN9780241011638
ISBN9780241187555
891505
SDCC2015
LASVEGAS
LOTRDVDBD3
LYON
MYSTERYMACHINE
NEWCASTLE
SDCC2015
SDCC2015
SDCC2015
SDCC2015
SDCC2015
SDIK
ISBN9780241187562
SWCOMIC1
TRUJWGATE
TRUKAYAK
TRUNINJAGO
TRUNINJAGO
TRUNINJAGO
TRUNINJAGO
TRUWOOKIEE
TRUXWING
WHITEHOUSE
ISBN9788460822738
ISBN9783958431348
ISBN9783868529265
ISBN9781910552025
ISBN9780241195819
ISBN9780241196571
ISBN9780241196892
ISBN9780545703307
ISBN9781409352624
ISBN9781409355724
ISBN9781438005300
ISBN9781440244827
ISBN9781465434371
ISBN9781465440099
ISBN9781511664486
ISBN9781511759014
ISBN9781593276102
ISBN9781593276133
ISBN9781593276157
ISBN9781593276508
ISBN9781593276751
ISBN9781593276881
ISBN9781593276898
ISBN9781634504799
ISBN9781784720803
5004890
5004888
5004884
5002928
3850003
3850004
3850005
3850006
4000018
4000020
4002015
5002919
5002920
5002922
5002929
5004883
5002930
5002931
5002932
5002934
5002936
5002938
5002939
5002941
5002942
5002943
3850002
3850001
2000714
2000710
891506
891507
891508
911506
911508
911509
911510
911511
2000210
2000211
2000442
2000443
2000444
2000446
2000446
2000700
2000701
2000702
2000704
2000708
2000709
5002947
5002948
5003082
5004602
5004604
5004605
5004606
5004607
5004608
5004609
5004610
5004611
5004750
5004751
5004752
5004796
5004805
5004806
5004807
5004808
5004816
5004849
5004851
5004854
5004882
5004603
5004601
5003083
5004600
5003084
5003085
5003163
5003164
5003165
5003166
5003246
5004077
5004279
5004338
5004363
5004437
5004534
5004535
5004539
5004540
5004543
5004545
5004572
5004590
5004591
71010
71010
40143
40133
40134
40135
40136
40137
40138
40139
40140
40141
40142
40144
41063
40145
40146
40148
40153
40154
40155
40156
40158
41060
41061
40132
40131
40130
40129
31028
31029
31030
31031
31032
31033
31034
31035
31036
31037
31038
31039
40120
40121
40122
40123
40124
40125
40126
40127
40128
41062
41071
30320
41532
41105
41106
41107
41108
41109
41527
41528
41529
41530
41531
41533
41072
41534
41535
41536
41537
41538
41539
41540
41541
41542
41543
41104
41103
41102
41101
41073
41074
41075
41076
41077
41078
41085
41086
41087
41088
41089
41090
41091
41092
41093
41094
41095
41097
41098
41099
41100
31027
30315
41545
10623
10604
10605
10606
10607
10608
10615
10616
10617
10618
10622
10677
10679
10680
10683
10684
10685
10686
10687
10693
10694
10603
10602
10601
10600
71010
10246
10247
10248
10249
10581
10582
10583
10584
10585
10586
10587
10589
10591
10592
10593
10594
10595
10596
10599
10695
10697
30314
30285
30217
30218
30256
30259
30272
30274
30275
30276
30283
30284
30286
30291
30292
30293
30294
30303
30304
30305
30311
30312
30313
30217
30217
30217
30217
10699
10700
10701
11908
11909
11910
21022
21023
21024
21119
21120
21121
21122
21301
21302
21303
21304
30202
30203
30204
30205
41544
10590
41546
70789
70779
70780
70781
70782
70783
70784
70785
70786
70787
70788
70790
71008
70791
70792
70793
70794
70795
70817
70818
70819
71008
71008
70778
70756
70755
70754
70733
70734
70735
70736
70737
70738
70739
70740
70741
70742
70743
70744
70745
70746
70747
70748
70749
70750
70751
70752
70753
71008
71008
70731
71010
71009
71009
71009
71009
71009
71009
71009
71010
71010
71010
71010
71008
71010
71010
71010
71010
71010
71010
71010
71010
71010
41547
71009
71009
71009
71009
71008
71008
71008
71008
71008
71008
71008
71008
71008
71008
71008
71008
71008
71009
71009
71009
71009
71009
71009
71009
71009
70732
71010
70730
60071
45102
45103
45517
45801
60065
60066
60067
60068
60069
60070
60072
60084
60073
60074
60075
60076
60077
60078
60079
60080
60081
60082
45101
45012
45011
45010
41548
70413
41549
41550
41551
41553
42031
42032
42033
42034
42035
42036
42037
42038
42039
42040
42041
42042
42043
45008
45009
60083
41552
60085
70167
70169
70170
70171
70172
70173
70220
70221
70222
70223
70224
70225
70226
70227
70228
70229
70230
70231
70232
70410
70412
60086
70168
70409
70166
60099
60088
66536
60090
60091
60092
60093
60095
60096
60097
60098
70411
66494
66525
66521
66534
66533
66526
66535
66522
66523
66524
